3,034303 3,048037 0,298929
1,098208 2,755974 -4,525743
-0,330363 -1,243782 -4,696951
2,773065 -1,558428 3,974273
4,443953 2,785577 0,651112
-3,047731 -2,353130 3,890652
3,804285 2,246620 -4,979553
-0,557726 1,809290 1,224861
-1,811731 2,385479 -2,621693
-3,893704 4,422894 4,110690
1,717124 2,145909 -3,655965
-3,393200 4,311502 -0,475936
2,496262 1,981109 0,622730
1,508987 -0,883663 -1,599017
0,508896 0,446639 -1,591693
-3,472854 -4,822688 -1,850184
3,630024 -4,504990 -4,513230
2,241737 -3,686789 2,512131
-0,588855 -4,982605 -4,077731
-4,872128 1,471755 -3,606830
-2,733390 0,247047 1,960051
-2,506943 -4,017914 -1,064333
-1,247444 -3,552507 -2,611927
1,099429 -0,458235 2,961059
-0,961485 -0,918455 -2,716605
3,207952 2,275918 4,250771
-3,315989 1,629230 3,100528
-4,359111 4,533677 1,179693
-2,328715 4,703361 1,699118
-1,400342 2,745293 -4,766533
-0,410016 -3,734092 -3,627583
2,539292 -1,089053 -2,811823
-0,842158 0,905637 3,508865
4,713126 1,399121 3,427686
-2,867367 3,495438 -3,580279
3,263802 -4,084139 3,305613
-4,595630 0,382245 4,392682
2,226172 4,049348 2,856380
-2,139195 0,811335 -3,657491
-3,229621 -1,090274 3,760949
-4,212012 3,807947 0,915098
0,678274 -0,620594 0,569628
-3,677633 2,474594 4,642934
-1,299020 2,526780 4,977111
-4,941710 -0,124363 3,163396
-3,691671 4,172949 4,709769
-2,380291 -0,401166 3,714866
-0,339213 -3,414258 -2,409894
-3,970916 0,981017 -3,552812
0,699942 -3,861660 -0,219275
0,342570 -4,897152 3,744774
-2,730644 -1,308176 2,396161
0,488754 4,233986 -2,990661
-2,593310 2,771844 3,818628
3,817408 -4,291360 -4,541307
1,667684 -3,536027 -2,591784
-3,227790 2,494431 -2,329020
-1,239204 -0,310526 -2,862789
0,611133 -1,817530 0,156407
-0,831782 -4,665212 -1,779687
-2,567980 -4,887082 4,359721
0,040742 -3,128300 -2,650990
0,227211 1,998199 0,464950
3,738975 2,849666 -1,147649
-4,558397 3,066957 -0,547044
3,190252 -3,744774 0,338603
4,928282 -4,384442 0,256508
1,004822 -4,592273 -4,724418
2,373882 -1,824549 2,876217
-2,723014 -0,890988 1,883144
3,627583 -1,438795 -2,839900
4,459822 -1,615192 -1,198920
-3,012330 1,090579 -3,109378
-2,124546 -3,365428 -0,395367
4,783013 -3,507950 -3,887906
-1,432081 -4,430830 1,515397
-2,335429 -2,263405 -4,488815
2,564318 2,224952 -0,059053
4,231239 1,441542 -2,623829
-1,547746 -1,147343 0,960265
-2,872250 -1,096377 4,491867
4,722892 -1,179388 -0,175329
-1,094546 4,423810 -2,525864
0,849483 4,114658 -3,768273
2,887204 2,664113 2,811213
2,818537 -0,194860 -2,244484
2,363506 2,591479 -3,533586
-3,977020 4,231544 2,699209
1,840419 4,315165 1,604510
-2,632374 -3,133488 3,955657
3,074282 -1,869106 0,016022
-4,679861 -4,843745 -2,482223
2,475204 3,525345 1,470534
2,760551 3,275094 4,294718
1,393628 1,083254 -0,326090
4,062166 -4,000214 3,136540
3,105105 3,376720 4,096347
-3,863185 -3,996246 -2,329936
-3,830836 3,279061 -0,171972
4,451582 -0,946532 0,976745